144 3 2 0 1 137 164 166 163
145 3 2 0 1 164 37 38 166
146 3 2 0 1 166 38 12 165
147 3 2 0 1 163 166 165 29
148 3 2 0 1 122 167 170 169
149 3 2 0 1 167 40 41 170
150 3 2 0 1 170 41 42 168
151 3 2 0 1 169 170 168 126
152 3 2 0 1 122 169 172 159
153 3 2 0 1 169 126 171 172
154 3 2 0 1 172 171 98 99
155 3 2 0 1 159 172 99 100
156 3 2 0 1 28 97 175 174
157 3 2 0 1 97 98 171 175
158 3 2 0 1 175 171 126 173
159 3 2 0 1 174 175 173 127
160 3 2 0 1 54 55 178 177
161 3 2 0 1 55 56 176 178
162 3 2 0 1 178 176 127 173
163 3 2 0 1 177 178 173 126
164 3 2 0 1 106 107 180 179
165 3 2 0 1 107 11 36 180
166 3 2 0 1 180 36 37 164
167 3 2 0 1 179 180 164 137
168 3 2 0 1 70 71 183 182
169 3 2 0 1 71 21 72 183
170 3 2 0 1 183 72 73 181
171 3 2 0 1 182 183 181 138
172 3 2 0 1 84 184 186 83
173 3 2 0 1 184 139 185 186
174 3 2 0 1 186 185 81 82
175 3 2 0 1 83 186 82 24
176 3 2 0 1 48 187 189 47
177 3 2 0 1 187 140 188 189
178 3 2 0 1 189 188 45 46
179 3 2 0 1 47 189 46 14
180 3 2 0 1 106 179 190 105
181 3 2 0 1 179 137 162 190
182 3 2 0 1 190 162 103 104
183 3 2 0 1 105 190 104 30
184 3 2 0 1 70 182 192 69
185 3 2 0 1 182 138 191 192
186 3 2 0 1 192 191 67 68
187 3 2 0 1 69 192 68 20
188 3 2 0 1 84 85 194 184
189 3 2 0 1 85 25 86 194
190 3 2 0 1 194 86 87 193
191 3 2 0 1 184 194 193 139
192 3 2 0 1 48 49 196 187
193 3 2 0 1 49 15 50 196
194 3 2 0 1 196 50 51 195
195 3 2 0 1 187 196 195 140
196 3 2 0 1 62 161 199 198
197 3 2 0 1 161 141 197 199
198 3 2 0 1 199 197 32 119
199 3 2 0 1 198 199 119 118
200 3 2 0 1 67 191 202 201
201 3 2 0 1 191 138 181 202
202 3 2 0 1 202 181 73 200
203 3 2 0 1 201 202 200 128
204 3 2 0 1 87 203 205 193
205 3 2 0 1 203 129 204 205
206 3 2 0 1 205 204 81 185
207 3 2 0 1 193 205 185 139
208 3 2 0 1 92 206 209 208
209 3 2 0 1 206 144 207 209
210 3 2 0 1 209 207 35 116
211 3 2 0 1 208 209 116 115
212 3 2 0 1 62 198 211 156
213 3 2 0 1 198 118 117 211
214 3 2 0 1 211 117 35 210
215 3 2 0 1 156 211 210 145
216 3 2 0 1 125 212 216 215
217 3 2 0 1 212 121 213 216
218 3 2 0 1 216 213 147 214
219 3 2 0 1 215 216 214 154
220 3 2 0 1 112 217 220 113
221 3 2 0 1 217 152 218 220
222 3 2 0 1 220 218 133 219
223 3 2 0 1 113 220 219 34
224 3 2 0 1 109 108 224 223
225 3 2 0 1 108 32 221 224
226 3 2 0 1 224 221 130 222
227 3 2 0 1 223 224 222 155
228 3 2 0 1 95 225 228 94
229 3 2 0 1 225 136 226 228
230 3 2 0 1 228 226 142 227
231 3 2 0 1 94 228 227 27
232 3 2 0 1 153 229 233 232
233 3 2 0 1 229 149 230 233
234 3 2 0 1 233 230 148 231
235 3 2 0 1 232 233 231 120
236 3 2 0 1 78 234 237 236
237 3 2 0 1 234 147 213 237
238 3 2 0 1 237 213 121 235
239 3 2 0 1 236 237 235 146
240 3 2 0 1 81 204 240 80
241 3 2 0 1 204 129 238 240
242 3 2 0 1 240 238 143 239
243 3 2 0 1 80 240 239 23
244 3 2 0 1 73 74 243 200
245 3 2 0 1 74 22 241 243
246 3 2 0 1 243 241 150 242
247 3 2 0 1 200 243 242 128
248 3 2 0 1 18 244 246 60
249 3 2 0 1 244 136 225 246
250 3 2 0 1 246 225 95 245
251 3 2 0 1 60 246 245 59
252 3 2 0 1 67 201 248 66
253 3 2 0 1 201 128 242 248
254 3 2 0 1 248 242 150 247
255 3 2 0 1 66 248 247 19
256 3 2 0 1 87 88 250 203
257 3 2 0 1 88 26 249 250
258 3 2 0 1 250 249 143 238
259 3 2 0 1 203 250 238 129
260 3 2 0 1 130 221 252 251
261 3 2 0 1 221 32 197 252
262 3 2 0 1 252 197 141 160
263 3 2 0 1 251 252 160 64
264 3 2 0 1 19 247 256 255
265 3 2 0 1 247 150 253 256
266 3 2 0 1 256 253 124 254
267 3 2 0 1 255 256 254 132
268 3 2 0 1 26 257 260 249
269 3 2 0 1 257 135 258 260
270 3 2 0 1 260 258 125 259
271 3 2 0 1 249 260 259 143
272 3 2 0 1 149 261 264 230
273 3 2 0 1 261 76 262 264
274 3 2 0 1 264 262 109 263
275 3 2 0 1 230 264 263 148
276 3 2 0 1 33 265 267 111
277 3 2 0 1 265 78 236 267
278 3 2 0 1 267 236 146 266
279 3 2 0 1 111 267 266 112
280 3 2 0 1 153 232 271 270
281 3 2 0 1 232 120 268 271
282 3 2 0 1 271 268 151 269
283 3 2 0 1 270 271 269 124
284 3 2 0 1 133 218 275 274
285 3 2 0 1 218 152 272 275
286 3 2 0 1 275 272 135 273
287 3 2 0 1 274 275 273 134
288 3 2 0 1 151 268 278 277
289 3 2 0 1 268 120 276 278
290 3 2 0 1 278 276 155 222
291 3 2 0 1 277 278 222 130
292 3 2 0 1 131 279 281 280
293 3 2 0 1 279 132 254 281
294 3 2 0 1 281 254 124 269
295 3 2 0 1 280 281 269 151
296 3 2 0 1 121 212 283 282
297 3 2 0 1 212 125 258 283
298 3 2 0 1 283 258 135 272
299 3 2 0 1 282 283 272 152
300 3 2 0 1 22 284 285 241
301 3 2 0 1 284 153 270 285
302 3 2 0 1 285 270 124 253
303 3 2 0 1 241 285 253 150
304 3 2 0 1 23 239 287 286
305 3 2 0 1 239 143 259 287
306 3 2 0 1 287 259 125 215
307 3 2 0 1 286 287 215 154
308 3 2 0 1 121 282 288 235
309 3 2 0 1 282 152 217 288
310 3 2 0 1 288 217 112 266
311 3 2 0 1 235 288 266 146
312 3 2 0 1 120 231 289 276
313 3 2 0 1 231 148 263 289
314 3 2 0 1 289 263 109 223
315 3 2 0 1 276 289 223 155
316 3 2 0 1 126 168 292 291
317 3 2 0 1 168 42 43 292
318 3 2 0 1 292 43 13 290
319 3 2 0 1 291 292 290 123
320 3 2 0 1 126 291 294 177
321 3 2 0 1 291 123 293 294
322 3 2 0 1 294 293 16 53
323 3 2 0 1 177 294 53 54
324 3 2 0 1 136 244 296 226
325 3 2 0 1 244 18 157 296
326 3 2 0 1 296 157 145 295
327 3 2 0 1 226 296 295 142
328 3 2 0 1 64 65 298 297
329 3 2 0 1 65 19 255 298
330 3 2 0 1 298 255 132 279
331 3 2 0 1 297 298 279 131
332 3 2 0 1 76 261 299 75
333 3 2 0 1 261 149 229 299
334 3 2 0 1 299 229 153 284
335 3 2 0 1 75 299 284 22
336 3 2 0 1 78 79 300 234
337 3 2 0 1 79 23 286 300
338 3 2 0 1 300 286 154 214
339 3 2 0 1 234 300 214 147
340 3 2 0 1 90 301 302 89
341 3 2 0 1 301 134 273 302
342 3 2 0 1 302 273 135 257
343 3 2 0 1 89 302 257 26
344 3 2 0 1 92 93 304 206
345 3 2 0 1 93 27 227 304
346 3 2 0 1 304 227 142 303
347 3 2 0 1 206 304 303 144
348 3 2 0 1 109 262 305 110
349 3 2 0 1 262 76 77 305
350 3 2 0 1 305 77 78 265
351 3 2 0 1 110 305 265 33
352 3 2 0 1 40 167 306 39
353 3 2 0 1 167 122 158 306
354 3 2 0 1 306 158 29 165
355 3 2 0 1 39 306 165 12
356 3 2 0 1 45 307 308 44
357 3 2 0 1 307 16 293 308
358 3 2 0 1 308 293 123 290
359 3 2 0 1 44 308 290 13
360 3 2 0 1 45 188 309 307
361 3 2 0 1 188 140 195 309
362 3 2 0 1 309 195 51 52
363 3 2 0 1 307 309 52 16
364 3 2 0 1 56 57 311 176
365 3 2 0 1 57 17 310 311
366 3 2 0 1 311 310 28 174
367 3 2 0 1 176 311 174 127
368 3 2 0 1 151 277 312 280
369 3 2 0 1 277 130 251 312
370 3 2 0 1 312 251 64 297
371 3 2 0 1 280 312 297 131
372 3 2 0 1 34 219 314 313
373 3 2 0 1 219 133 274 314
374 3 2 0 1 314 274 134 301
375 3 2 0 1 313 314 301 90
376 3 2 0 1 145 210 315 295
377 3 2 0 1 210 35 207 315
378 3 2 0 1 315 207 144 303
379 3 2 0 1 295 315 303 142
380 3 2 0 1 28 310 316 96
381 3 2 0 1 310 17 58 316
382 3 2 0 1 316 58 59 245
383 3 2 0 1 96 316 245 95
384 3 2 0 1 92 208 317 91
385 3 2 0 1 208 115 114 317
386 3 2 0 1 317 114 34 313
387 3 2 0 1 91 317 313 90
388 3 2 0 1 18 61 318 157
389 3 2 0 1 61 62 156 318
390 3 2 0 1 157 318 156 145
391 3 2 0 1 29 158 319 101
392 3 2 0 1 158 122 159 319
393 3 2 0 1 101 319 159 100
394 3 2 0 1 62 63 320 161
395 3 2 0 1 63 64 160 320
396 3 2 0 1 161 320 160 141
397 3 2 0 1 29 102 321 163
398 3 2 0 1 102 103 162 321
399 3 2 0 1 163 321 162 137